1.382277174970708566e+00
3.839250605582581466e-01
1.289841246514768169e+00
1.363025813082428428e+00
2.616936082637772998e+00
8.404468598402595747e-01
2.273497664829294607e+00
1.585996262128176681e+00
1.048280741905146307e+00
5.388911759108641064e-01
1.523576292952245392e+00
1.130944032455967418e+00
7.722955691861381755e-01
2.561827222270559035e-01
4.480350347854505366e-01
1.612595472065418534e+00
4.605263764686857164e-01
5.550931808588250860e-01
1.034172873651139524e+00
6.441858384524878911e-01
4.170271160188314119e-01
4.952816977402754173e-01
8.221139789580997892e-01
6.289757929911368173e-01
1.281023828856013846e+00
1.637357719990420124e+00
2.086201018061256462e+00
8.024217461868818901e-01
5.869461021510747889e-01
4.404300120547749997e-01
4.739361991580411382e-01
1.632177487115902048e+00
4.104507920150105016e-01
8.156111334347684316e-01
7.236160758617657951e-01
1.254975707522443917e+00
1.320004162755756605e+00
1.433748850553686394e+00
2.054531792970230697e+00
1.331283109510912999e+00
6.994416557806811818e-01
1.039793977408595360e+00
8.387201155487535864e-01
8.042219689588775422e-01
6.537747801563831285e-01
9.489745755234265667e-01
1.213350148325075040e+00
4.747812016836717719e-01
2.196014607152991793e+00
1.744526083784529114e+00
7.561670427186668597e-01
5.407281379231045904e-01
1.546097447222313681e+00
1.080721491041312987e+00
2.248441502982334861e-01
2.234847984091755391e-01
1.167720011941021596e+00
1.143766027301405863e+00
3.222766154274679939e-01
9.393121553390416656e-01
8.371403282182268146e-01
3.932200883401948954e-01
2.084621230730729469e+00
1.631295745350026527e+00
1.642648170585672585e+00
3.978859718512857135e-01
2.443894261084720576e-01
7.846399539083941388e-01
1.315007626082462577e+00
1.129694898287644023e+00
3.913831263279544670e-01
3.014454662086610282e-01
5.962411299330115932e-01
1.094351749172137289e+00
3.974818402085927849e-01
5.901791552926181073e-01
1.529087178988966844e+00
7.681440350384747262e-01
9.590778665907491174e-01
5.470472872452117885e-01
2.904971726157078438e-01
1.040859415375694930e+00
9.483132691990200369e-01
1.482648779319527765e+00
1.176206776437572543e+00
8.261920346252735747e-01
1.968415013836397609e+00
1.056840984882186918e+00
9.270045098570305342e-01
7.913999741134390975e-01
1.082338017612084702e+00
3.406829747901174987e-01
1.019513916793460595e+00
2.898726055315461014e+00
1.523319118270531680e+00
1.296160395836875256e+00
7.902243184256051434e-01
8.506236293880717891e-01
1.304977813495629579e+00
1.040418544492757169e+00
1.188147029517135689e+00
9.642948387055121362e-01
2.013861454019226560e+00
4.234932223019178266e-01
6.133616158870928148e-01
1.245496983539283065e+00
7.511337668051280003e-01
1.997439013629797033e+00
5.795615148618681323e-01
1.956621717717813791e+00
1.527691087859664121e+00
9.882855625853725900e-01
7.131086531517503158e-01
4.787123003898663409e-01
1.308541519799376163e+00
1.023591972460634381e+00
1.337528780352530644e+00
3.214683521420821921e-01
1.216179069823925207e+00
4.746342447226924999e-01
9.433902110062155622e-01
1.758303298876332743e+00
1.156000194302927442e+00
8.741367431447498726e-01
5.249670038580813713e-01
1.249979170849149890e+00
2.923708738681931596e-01
5.936693831158749157e-01
1.412403351971452281e+00
7.752714476459677817e-01
2.219417503188935437e-01
4.835251408619363755e-01
6.233914284739257017e-01
5.578486238771858119e-01
1.519534976525316328e+00
1.731153000335418524e+00
1.266805742881272678e+00
7.194278024738575139e-01
9.617230918883754587e-01
8.303435687729370240e-01
2.474828701370850315e+00
1.011835415582295505e+00
3.648573948712020565e-01
7.984171690001976573e-01
4.775366447020324423e-01
7.513174630063520487e-01
1.619135056828994612e+00
6.038461526636871302e-01
6.754509319008206170e-01
1.484044870448830489e+00
9.580859071041393227e-01
5.897382844096803467e-01
1.052689450734523469e+00
3.502719164940127361e-01
3.156635521834023073e-01
8.655765001677092618e-01
1.022342838292310985e+00
3.071033092063616965e-01
2.431182483960016683e+00
3.294407672752058147e+00
1.263315515058015759e+00
1.426180567063255689e+00
5.863582743071579229e-01
6.133248766468479829e-01
9.668665855226487027e-01
1.394511341972230145e+00
1.253285702471182761e+00
8.578612597162992293e-01
5.218809076775173805e-01
9.064672745601820569e-01
8.184400549336188213e-01
1.655690600872580021e+00
1.073300164511861610e+00
2.440073380099260447e+00
2.413768084083977028e-01
5.391483505925778186e-01
7.142108303590946061e-01
5.135411001419456500e-01
8.592940900858468956e-01
1.081676711287678172e+00
1.345501195485654389e+00
1.104234604797990960e+00
2.413216995480304661e+00
7.394506884072785668e-01
6.286084005886887205e-01
3.203661749347379017e-01
4.827903560570401820e-01
5.893708920072322499e-01
6.999927443843533270e-01
1.366001691542257923e+00
1.097107192190498015e+00
1.047766392541719105e+00
3.698539315444961395e-01
7.050627595381370183e-01
1.680820241200029708e+00
1.455608698499348153e+00
6.382340815328287897e-01
1.436871685974495216e+00
7.448880959635103549e-01
5.365398645351963092e-01
1.292045600929456750e+00
1.541578520672202135e+00
1.811979328873999151e+00
1.390616982506280186e+00
3.640491315858162547e-01
2.615833905430428596e-01
7.378341618365069632e-01
9.027566112954563682e-01
1.040822676135449987e+00
7.975721664745670791e-01
1.287342978178121156e+00
5.071117330991040673e-01
1.542864394080770474e+00
1.262323555571405853e+00
5.060095558917597769e-01
1.037038534390234634e+00
6.912855444463334997e-01
4.401360981328165112e-01
9.935392739403803297e-01
1.978408087182985664e+00
6.197909829299343976e-01
1.452853255480987427e+00
7.760797109313535280e-01
7.122269113858749057e-01
6.021194083721811419e-01
1.018117825664157872e+00
1.380293255997488755e+00
5.242322190531851778e-01
7.088469012833523708e-01
9.481663122380407094e-01
3.786346099630055750e-01
7.923919336000488922e-01
6.688378686567549858e-01
8.876567835548396790e-01
3.977022756500616651e-01
1.313427838751935806e+00
1.565532505311817868e+00
1.396936131828387495e+00
1.014590858600656231e+00
