1.364478031250959011e+00
4.129287801352185538e-01
1.275862333491304179e+00
1.420703163622601961e+00
2.587578374581917195e+00
8.130235626638663282e-01
2.253079579820186140e+00
1.641529408154706937e+00
1.011441239946403448e+00
5.475838978803490020e-01
1.613009413473438736e+00
1.140596073003003808e+00
7.345935772903788852e-01
2.695139497379842597e-01
4.550976294139507661e-01
1.628491696300412794e+00
4.766913396726252250e-01
5.946418891044414901e-01
1.032831235957354599e+00
6.472001650170642328e-01
4.147622083647286018e-01
5.068410483356802221e-01
8.148569908933764872e-01
6.237730265288796705e-01
1.201506633072283670e+00
1.705088253444390300e+00
1.950971350446466523e+00
8.016155647913590920e-01
5.858821764523376441e-01
4.261702062372358935e-01
4.648759133046712622e-01
1.626047125327732656e+00
3.850199281971203868e-01
8.181164188569499673e-01
7.282784356109551771e-01
1.171356924409228784e+00
1.328828037899373760e+00
1.409295165750094503e+00
1.997621913175112507e+00
1.296437472511361877e+00
7.504832886127997815e-01
1.045461519316202015e+00
8.120049914252496226e-01
7.849109964780448534e-01
6.380330238695137712e-01
9.599015352723975214e-01
1.212507202449344179e+00
4.964516217017896360e-01
2.286896144942260900e+00
1.733404533877935139e+00
7.684101424124539781e-01
5.506396115961991189e-01
1.467353726351247722e+00
1.094352938769804551e+00
2.200113875412116615e-01
2.098256751550444388e-01
1.229415485010381781e+00
1.137744073534876943e+00
3.277762245868606761e-01
9.285295411230024554e-01
8.181164188569499673e-01
3.966316403173509864e-01
2.148574170738110301e+00
1.616065127189288964e+00
1.672290259560931913e+00
4.078359239421349147e-01
2.340676706341223989e-01
7.419272902084192989e-01
1.314364326311016296e+00
1.185616921749862662e+00
3.727970733337197529e-01
3.067936570713562516e-01
5.789558920297439570e-01
1.108001793367268561e+00
4.139473513738352595e-01
5.773261780479572725e-01
1.488540008114475510e+00
7.482424318878428959e-01
9.226218279390254740e-01
5.439170414213287952e-01
2.959968019420189944e-01
1.060536373647729569e+00
1.029775522241504593e+00
1.495262578289345834e+00
1.167282639454761739e+00
8.539701264562585825e-01
2.044883618646928358e+00
1.050758089757009017e+00
9.711058188971813943e-01
7.828738540008114422e-01
1.069296086299833304e+00
3.332765092753909864e-01
1.030182950736951097e+00
2.873185749890045493e+00
1.486910294132688826e+00
1.264454335618796943e+00
7.930595663869786094e-01
8.278947027476705189e-01
1.261398621902946715e+00
1.004107527028363256e+00
1.120020933982945888e+00
9.607163922632908637e-01
1.979083916632288220e+00
4.121139231443251560e-01
6.113464574177557287e-01
1.195395205640583214e+00
7.317415778222520206e-01
2.059143615987562459e+00
5.701961793776402221e-01
1.932025925408195510e+00
1.521338001997933898e+00
1.042609519848075150e+00
7.240004364087649913e-01
4.479676307436337157e-01
1.263232050132456985e+00
9.782358175674984446e-01
1.346754891699027956e+00
3.222759398983304213e-01
1.258546622434820073e+00
4.724133404704349837e-01
9.277146841321091131e-01
1.750923959182142609e+00
1.168097496445655192e+00
8.996021179462876383e-01
5.502321831007525033e-01
1.183783493520352614e+00
2.849962325649584294e-01
5.628624664595998084e-01
1.452482586267443532e+00
7.887815671847884236e-01
2.049365332096841907e-01
4.787284821498586918e-01
6.394590236035772035e-01
5.243604736398878030e-01
1.459816299185483945e+00
1.723829964234937950e+00
1.238175197662485516e+00
7.439644326856527101e-01
9.427895384636365561e-01
8.348209871702642060e-01
2.491425249656498586e+00
1.033442378700524689e+00
3.758527870495699252e-01
7.836887109917047844e-01
4.736356259567750526e-01
7.753364268350476651e-01
1.646011121604620486e+00
5.966790315816749013e-01
6.869244433231164182e-01
1.499744291739259383e+00
9.753838180993716911e-01
5.724370361025969967e-01
1.066851515327153166e+00
3.615927897089358245e-01
3.165719409620767477e-01
8.456178422996014632e-01
9.843472449991987894e-01
2.957930876942956866e-01
2.356158989168198215e+00
3.196276546779269090e+00
1.235730626689805378e+00
1.412350879465944731e+00
5.756964640661704768e-01
6.317178821900900632e-01
9.733466756221381688e-01
1.394831454161737261e+00
1.243064339607845792e+00
8.967501184781607737e-01
5.052113343538934265e-01
8.818789783943566940e-01
8.604889823834055429e-01
1.651307692045427489e+00
1.050961804004732381e+00
2.425218119146411944e+00
2.387530983317593114e-01
5.995310310498017659e-01
7.162592949952779620e-01
5.064336198402334954e-01
8.433769855746446886e-01
1.081722655410957357e+00
1.366922602223638927e+00
1.107390650624098694e+00
2.365733558811195181e+00
7.142221525180444397e-01
6.510707357238078030e-01
3.041453718509527504e-01
4.840250525906656387e-01
5.701961793776402221e-01
6.844798723504362803e-01
1.406850594777414587e+00
1.094964081512974641e+00
1.095167795760698004e+00
3.734082160768897873e-01
6.879430145617331238e-01
1.701828825480816709e+00
1.449426872551593304e+00
6.412924518330872514e-01
1.394016597170843808e+00
7.545575735672666040e-01
5.477876121280723654e-01
1.326383466926693622e+00
1.543542854999778280e+00
1.892912789845313526e+00
1.408276594511477908e+00
3.675005028929128059e-01
2.564762378836902279e-01
7.663729999352205668e-01
9.273072556366623864e-01
1.017348953130380540e+00
7.920409951483619038e-01
1.321494324981333346e+00
5.211010456763142118e-01
1.504226005189172932e+00
1.258954050930266577e+00
5.160081894832306837e-01
1.068481229308939850e+00
7.017955834069204979e-01
4.312630624303194771e-01
1.007570669239659988e+00
1.960953348584910438e+00
6.160318851153926412e-01
1.518282288282083670e+00
7.810404257713013942e-01
7.185001517202347365e-01
6.235693122811563072e-01
9.729392471266915532e-01
1.426610876806578831e+00
5.371944712464584715e-01
7.070921538477273893e-01
9.753838180993716911e-01
3.943907835923942118e-01
7.826701397530880788e-01
7.066847253522807737e-01
9.246589704162589962e-01
4.178179220805787741e-01
1.359588889305598736e+00
1.588359989498913993e+00
1.419888306631708508e+00
1.050758089757009017e+00
